numStates 5
numActions 4
start 4
end 3
transitions 0 0 0 -0.0468060916953 0.217993914412
transitions 0 0 3 0.816225770391 0.41928255376
transitions 0 0 4 -0.436324311201 0.362723531828
transitions 0 1 0 0.804331900879 0.325212675477
transitions 0 1 4 0.45966349652 0.124489971738
transitions 0 1 2 0.367967863831 0.360784233492
transitions 0 1 1 -0.798597583863 0.189513119294
transitions 0 2 1 -0.479015379216 0.513726242166
transitions 0 2 0 0.0973986076712 0.477937334517
transitions 0 2 2 0.439409372808 0.00833642331766
transitions 0 3 1 -0.512178246226 0.727362159127
transitions 0 3 3 0.740942464217 0.272637840873
transitions 1 0 3 -0.839108362895 1.0
transitions 1 1 4 0.0948818226568 0.464528781178
transitions 1 1 1 0.0805672139406 0.535471218822
transitions 1 2 0 0.15130202833 0.239300319741
transitions 1 2 4 -0.621217342891 0.180503340876
transitions 1 2 1 0.225546359737 0.116093278194
transitions 1 2 2 -0.0469380159812 0.408257557532
transitions 1 2 3 0.515207843933 0.0558455036561
transitions 1 3 0 -0.217407899531 0.138533102498
transitions 1 3 1 -0.448731757376 0.180734574707
transitions 1 3 2 0.698971930373 0.207986420044
transitions 1 3 3 0.179602367062 0.229360973415
transitions 1 3 4 0.159390021491 0.243384929336
transitions 2 0 0 0.225566210081 0.0582596316126
transitions 2 0 1 0.260294680823 0.344045549727
transitions 2 0 2 -0.513928755876 0.59769481866
transitions 2 1 1 -0.798784959568 0.425503977423
transitions 2 1 3 0.395341280382 0.0763269022478
transitions 2 1 2 0.147732073578 0.0235898600888
transitions 2 1 4 0.0683959365214 0.47457926024
transitions 2 2 4 -0.25972011933 0.247862165175
transitions 2 2 3 -0.927215924777 0.621235006696
transitions 2 2 1 0.922062560479 0.0137084437432
transitions 2 2 2 -0.752209671151 0.117194384386
transitions 2 3 1 -0.480160220414 0.314895851313
transitions 2 3 2 0.293851439671 0.685104148687
transitions 4 0 1 -0.601288419066 0.733770534754
transitions 4 0 3 0.463196612451 0.266229465246
transitions 4 1 3 0.352403568599 0.0280696671087
transitions 4 1 1 -0.315374917843 0.408792438959
transitions 4 1 2 0.193582786939 0.121216119812
transitions 4 1 0 -0.650361031097 0.213874346652
transitions 4 1 4 -0.180189208685 0.228047427468
transitions 4 2 0 0.121200437707 0.418719706815
transitions 4 2 4 0.483148754821 0.020751908795
transitions 4 2 3 -0.908607012863 0.56052838439
transitions 4 3 2 0.893811671316 0.361751891936
transitions 4 3 0 0.242153691237 0.638248108064
discount  0.9
